苹果园
1号线
39.9261720655 116.1776780046
336 370 399 325 959 892 664 961 931 472 597 929 527 972 396 981 992 941
古城
1号线
39.9075272298 116.1905462972
318 327 959 958 354 337 385 597 941
八角游乐园
1号线
39.9074188373 116.2127789432
965 325 959 663 914 354 574 472 597 373 598 545 527 337 941
八宝山
1号线
39.9074153403 116.2356998804
1 69 914 728 961 76 574 545 373 337 527 546 46 941
玉泉路
1号线
39.9073850195 116.2530039378
507 370 736 473 436 850 79 76 78 337 472 597 389 373 452 481 941
五棵松
1号线
39.9074802872 116.2740271855
370 97 436 568 982 983 624 627 634 64 76 952 337 967 740 1
万寿路
1号线
39.9074607886 116.2951152798
89 436 32 335 624 76 64 337 451 33 373 308 77 68 370
公主坟
1号线 10号线
39.9076025960 116.3101392186
300 370 99 94 378 431 32 631 604 624 76 308 74 77 52 40 324 699 335 394 968 64 368 33 374 68 1 23 613 728 617 337 373 977 323 658 427 436 437 483 944 698 451 57 213 89
军事博物馆
1号线 9号线
39.9075858863 116.3227048382
99 94 52 89 78 337 414 388 308 68 65 21 1
木樨地
1号线
39.9074462025 116.3374587176
52 717 99 114 728 78 337 308 209 68 65 21 695 1
南礼士路
1号线
39.9071935728 116.3526192326
19 49 15 37 56 46 1
复兴门
1号线 2号线
39.9072395728 116.3571602326
99 102 101 409 44 604 939 456 90 623 387 42 697 13 52 84 685 80 423 10 1 19 603 728 49 490 37 337 714 121 103 691 395 61 694 15 612 662 50 56 661
西单
1号线 4号线
39.9072033377 116.3755233710
1 99 88 70 7 105 102 83 603 728 90 604 690 15 37 626 109 608 10 22 52
天安门西
1号线
39.9074220566 116.3916571279
1 99 5 728 90 37 22 52
天安门东
1号线
39.9077386842 116.4014561969
1 99 82 728 90 59 120 126 2 52
王府井
1号线
39.9081622514 116.4113689553
1 52 99 41 90 127 59 120 126 420 104 103
东单
1号线 5号线
39.9084318085 116.4187689323
52 99 39 25 111 41 106 110 685 116 127 120 126 684 108 1
建国门
1号线 2号线
39.9086148059 116.4352553686
52 43 99 938 25 44 208 728 90 403 37 122 673 804 120 639 205 126 420 805 1
永安里
1号线
39.9085712211 116.4504816541
99 43 28 666 668 609 9 403 729 673 639 120 126 1
国贸
1号线 10号线
39.9086576190 116.4609220689
99 58 28 938 502 808 98 609 4 91 998 806 107 405 666 683 686 312 804 601 1 619 668 488 503 348 669 113 647 729 667 648 707 421 886 814 9 11 801 805 57 402
大望路
1号线
39.9083748843 116.4758188808
973 938 677 502 988 30 605 811 31 405 666 312 984 1 985 486 668 669 647 667 648 812 621 595 11 402 57
四惠
1号线 八通线
39.9087615108 116.4954963289
363 58 450 455 506 671 205 405 322 666 989 312 468 984 397 1 496 581 648 553 475 865 657 402 740 57 382 207
四惠东
1号线 八通线
39.9086275974 116.5159776226
553 450 581 666 475 506 312 468 382 397
西直门
2号线 4号线 13号线
39.9406530119 116.3548549808
105 7 27 111 44 604 387 375 608 632 87 651 84 347 392 562 80 16 693 490 618 362 360 563 438 534 691 26 694 11 209 50 21 85
积水潭
2号线
39.9486417231 116.3727221965
409 27 331 883 919 315 888 344 881 347 5 47 887 872 22 885 305 670 503 498 889 877 618 380 88 886 508 635 345 55
鼓楼大街
2号线 8号线
39.9492515751 116.3940482404
409 27 625 80 206 909 380 60
安定门
2号线
39.9491032563 116.4082082781
119 558 27 44 18 125 758 113 407 201 426 328 430 858 104 108
雍和宫
2号线 5号线
39.9488808702 116.4166989787
117 62 636 44 18 125 116 130 909 13 858 684
东直门
2号线 13号线 机场线
39.9420084638 116.4349347801
688 404 106 955 107 966 909 123 117 866 18 413 131 24 401 3 916 635 850 612 935 130
东四十条
2号线
39.9339590225 116.4341177353
118 115 75 113
朝阳门
2号线 6号线
39.9246671137 116.4341142719
58 101 619 112 609 110 109 750 202 75 674 420 24
建国门
1号线 2号线
39.9086148059 116.4352553686
52 43 99 938 25 44 208 728 90 403 37 122 673 804 120 639 205 126 420 805 1
北京站
2号线
39.9050548085 116.4271279323
938 208 211 203 42 122 52 827 829 204 804 10 104 434 39 957 729 674 29 24 103 9 403 20 59 673 209 805
崇文门
2号线 5号线
39.9007172514 116.4180119553
111 44 211 8 106 110 623 684 610 685 204 104 43 39 525 723 957 116 729 674 29 108 103 60 25 622 12 41 814 9 20 59 673
前门
2号线
39.9001800566 116.3978831279

和平门
2号线
39.9000872583 116.3841963461
7 301 70 67 15 66 337 608 673 14
宣武门
2号线 4号线
39.8997553376 116.3743703711
105 7 70 102 83 44 603 604 67 109 54 15 9 37 608 673 209 22
长椿街
2号线
39.8993926244 116.3633667784
7 88 301 47 83 44 67 395 38 9 15 337 673 662 477 10 661
复兴门
1号线 2号线
39.9072395728 116.3571602326
99 102 101 409 44 604 939 456 90 623 387 42 697 13 52 84 685 80 423 10 1 19 603 728 49 490 37 337 714 121 103 691 395 61 694 15 612 662 50 56 661
阜成门
2号线
39.9237407102 116.3562337970
102 101 409 604 623 42 697 13 84 685 80 423 10 19 603 490 714 121 103 61 694 612 56
车公庄
2号线 6号线
39.9325695913 116.3552512821
604 387 375 632 65 107 392 562 701 80 685 118 693 19 490 618 714 614 45 691 26 694 15 388 71 209 50 21
安河桥北
4号线
40.0123025826 116.2700291895
575 330 534 562 718 498 384 375 697 346 482 512
北宫门
4号线
40.0023217798 116.2775811592
330 331 718 683 384 696 375 697 346 608 601 303 563
西苑
4号线
39.9984608244 116.2907009036
509 476 331 375 671 608 697 579 393 394 968 683 601 319 636 432 384 696 952 482 563 320 438 534 718 332
圆明园
4号线
39.9995521643 116.3093623252
331 656 375 608 697 579 628 681 699 982 562 394 683 365 601 319 717 432 498 696 614 320 438 333 508 718 664 332
北京大学东门
4号线
39.9920917869 116.3156872603
331 656 375 697 579 731 628 681 699 982 562 365 601 319 717 498 307 696 614 320 355 438
中关村
4号线
39.9840428721 116.3164915250
320 717 355 302 47 699 466 626 718 683 365 384 332 307 696 697 608 731 601 681
海淀黄庄
4号线 10号线
39.9759545252 116.3177810670
386 630 671 653 608 731 304 697 681 302 699 683 365 601 611 717 689 307 614 320 549 355 718 944 332 85
人民大学
4号线
39.9670126381 116.3214758606
300 422 361 367 608 697 731 695 651 302 699 683 365 601 660 717 617 384 614 323 425 658 320 355 718 79 26 332 85
魏公村
4号线
39.9577033813 116.3232708540
660 320 563 651 717 695 689 26 332 697 653 608 620 85
国家图书馆
4号线 9号线
39.9431136290 116.3253026191
319 320 717 86 689 332 697 653 608 614 645 563 695
动物园
4号线
39.9382433360 116.3385871915
105 7 102 114 27 111 608 697 632 65 107 87 347 392 334 701 685 118 319 717 19 714 362 360 563 103 45 534 26 15 332
西直门
2号线 4号线 13号线
39.9406530119 116.3548549808
105 7 27 111 44 604 387 375 608 632 87 651 84 347 392 562 80 16 693 490 618 362 360 563 438 534 691 26 694 11 209 50 21 85
新街口
4号线
39.9406347482 116.3676022947
105 7 88 409 47 83 111 609 508 608 22
平安里
4号线 6号线
39.9331423161 116.3721764818
105 7 409 111 609 623 42 608 13 107 47 701 38 204 68 22 118 83 626 690 88 612
西四
4号线
39.9239144501 116.3734656164
105 88 409 102 619 83 47 603 604 626 38 690 109 623 42 608 68 13 22
灵境胡同
4号线
39.9160130195 116.3737535522
105 88 102 47 603 626 38 109 690 604 68 22
西单
1号线 4号线
39.9072033377 116.3755233710
1 99 88 70 7 105 102 83 603 728 90 604 690 15 37 626 109 608 10 22 52
宣武门
2号线 4号线
39.8997553376 116.3743703711
105 7 70 102 83 44 603 604 67 109 54 15 9 37 608 673 209 22
菜市口
4号线 7号线
39.8892426910 116.3742540904
105 48 70 6 102 743 5 381 613 603 604 109 54 646 715 204 57
陶然亭
4号线
39.8784903078 116.3744025079
613 40 604 59
北京南站
4号线
39.8653237059 116.3784586878
343 529 665 652
马家堡
4号线
39.8530689378 116.3713894317
51 707 501 529 603 698 54 66 485 646
角门西
4号线 10号线
39.8458028674 116.3711603888
51 474 707 48 501 529 603 556 698 54 377 66 485 646
公益西桥
4号线 大兴线
39.8369298066 116.3708413480
707 474 48 511 825 556 698 54 377 66 646 990
宋家庄
5号线 10号线 亦庄线
39.8459678112 116.4284383991
684 511 39 17 990
刘家窑
5号线
39.8576199232 116.4220737900
7 51 973 741 988 627 686 368 732 927 434 43 39 17 723 957 954 826 12 654 652 300
蒲黄榆
5号线
39.8656231224 116.4216863046
43 813 39 723 25 827 957 829 685 986 800 686 599 705 122 53 812 72
天坛东门
5号线
39.8824201507 116.4208973404
43 6 525 39 25 743 827 41 725 36 958 685 34 686 116 687 705 684 29 35 60
磁器口
5号线 7号线
39.8924819630 116.4200666702
43 525 39 25 23 208 41 723 106 685 625 116 715 204 57 684 610 614 60
崇文门
2号线 5号线
39.9007172514 116.4180119553
111 44 211 8 106 110 623 684 610 685 204 104 43 39 525 723 957 116 729 674 29 108 103 60 25 622 12 41 814 9 20 59 673
东单
1号线 5号线
39.9084318085 116.4187689323
52 99 39 25 111 41 106 110 685 116 127 120 126 684 108 1
灯市口
5号线
39.9173699644 116.4177498595
116 684 110
东四
5号线 6号线
39.9339590225 116.4341177353
58 110 685 113 116 75 115 420 684 118
张自忠路
5号线
39.9336825973 116.4171650352
3 701 113 116 42 13 684
北新桥
5号线
39.9408787632 116.4168854660
117 635 116 612 13 684
雍和宫
2号线 5号线
39.9488808702 116.4166989787
117 62 636 44 18 125 116 130 909 13 858 684
和平里北街
5号线
39.9586831933 116.4185819791
117 406 62 125 127 674 201 684 13 123
和平西桥
5号线
39.9685278390 116.4184063798
117 607 207 422 361 547 125 718 367 407 464 641 671 75 601 430 847 985
惠新西街南口
5号线 10号线
39.9770362063 116.4176027916
515 101 125 464 201 430
惠新西街北口
5号线
39.9879082801 116.4170870554
479 386 18 983 689 408 944 125 753 419 696 656 379 464 740 658
大屯路东
5号线 15号线
40.0038635660 116.4174514054
913 479 569 538 558 464 415 484 596 628 751 620 695
北苑路北
5号线
40.0305887842 116.4181069281

立水桥南
5号线
40.0419122529 116.4145653407
117 81 479 517 558 629 466 617 758 966 464 11 653 484 596 984 751 107 620 621
立水桥
5号线 13号线
40.0419122529 116.4145653407
81 517 466 653 430 107 620 479 465 558 758 966 464 426 984 117 629 617 484 751 621 11 596
天通苑南
5号线
40.0668513088 116.4130815257
984 985
天通苑
5号线
40.0668513088 116.4130815257
922 860 315 430 465 966 428 464 426 905 984 118 985 520 933 643 432 617 522 621 537 441
天通苑北
5号线
40.0837210899 116.4135191698
520 933 643 537 441 617 966 522 428 860 426 984 985
海淀五路居
6号线
39.9325385613 116.2764535042
507 505 355 334 111 335 588 603 79 113 61 414 73 92 653 489 121 981 118 336
慈寿寺
6号线 10号线
39.9330291129 116.2942561607
507 40 27 613 588 61 73 33 489 632 481
花园桥
6号线
39.9326627937 116.3104273371
27 202 92 653 74 77 620 392 394 701 968 73 967 374 118 693 301 617 323 658 86 944 61
白石桥南
6号线 9号线
39.9326330499 116.3254795408
693 717 86 114 392 27 701 61 332 92 653 482 645 118 695
车公庄西
6号线
39.9326643360 116.3441071915
45 19 701 26 15 388 714 71 65 614 107 118
车公庄
2号线 6号线
39.9325695913 116.3552512821
604 387 375 632 65 107 392 562 701 80 685 118 693 19 490 618 714 614 45 691 26 694 15 388 71 209 50 21
平安里
4号线 6号线
39.9331423161 116.3721764818
105 7 409 111 609 623 42 608 13 107 47 701 38 204 68 22 118 83 626 690 88 612
北海北
6号线
39.9334422470 116.3865711130

南锣鼓巷
6号线 8号线
39.9335071155 116.4033073116
3 13 612 118 60
东四
5号线 6号线
39.9339590225 116.4341177353
58 110 685 113 116 75 115 420 684 118
朝阳门
2号线 6号线
39.9246671137 116.4341142719
58 101 619 112 609 110 109 750 202 75 674 420 24
东大桥
6号线
39.9229773901 116.4516575490
515 43 330 350 101 28 112 619 110 109 615 650 75 120 126 420 433 118 512
呼家楼
6号线 10号线
39.9233237722 116.4616479868
707 421 405 503 627 113 440 750 650 75 671 126 420 601 402
金台路
6号线 14号线
39.9233168743 116.4783424717
976 117 973 31 486 502 726 419 635 440 988 612 306 729 75 126 682 984 30 985
十里堡
6号线
39.9229936953 116.5021011690
486 640 595 440 306 75 126
青年路
6号线
39.9231438213 116.5174793680
553 408 419 494 911 499 306 75 126 682 628 468 675
褡裢坡
6号线
39.9240943272 116.5636524646
517 911 583 499 306 675
黄渠
6号线
39.9242827484 116.5783185569
517 911 583 499 306 675
常营
6号线
39.9255870873 116.5989273697
342 586 911 499 306 585 587 675
草房
6号线
39.9245657867 116.6160872049
813 824 342 586 566 911 582 306 819 585 639 587 675
物资学院路
6号线
39.9267434303 116.6391496915
824 342 815 911 582 587 675
通州北关
6号线
39.9185991845 116.6615631541
342 911 648 316 924 587
通运门
6号线
39.9107591325 116.6740097020

北运河西
6号线
39.9033569364 116.6879799229
809 317 552
北运河东
6号线
39.9035005183 116.7032491970

郝家府
6号线
39.9035059854 116.7176119506

东夏园
6号线
39.9033727067 116.7344166141

潞城
6号线
39.9026201263 116.7483756720

北京西站
7号线 9号线
39.8949160327 116.3212236124
349 663 309 741 387 122 65 695 941 52 843 40 616 982 374 301 820 109 845 373 53 890 410 67 9 694 388 414 673 662 840 50 661 21 89
湾子
7号线
39.8901420327 116.3277826124
45 6 613 390 410 691 38 109 76 414 687 122 715 340 53 477 57 46 89
达官营
7号线
39.8899896337 116.3354224926
45 638 6 613 390 410 691 38 80 109 76 42 687 122 715 340 53 477 57 46
广安门内
7号线
39.8896376456 116.3580159865
717 6 5 381 613 836 38 109 835 687 715 477 57
菜市口
4号线 7号线
39.8892426910 116.3742540904
105 48 70 6 102 743 5 381 613 603 604 109 54 646 715 204 57
虎坊桥
7号线
39.8894137220 116.3842176894
105 48 102 6 5 23 34 66 687 715 14 57
珠市口
7号线
39.8912125100 116.3969208319
48 69 93 17 5 23 20 59 715 120 57
桥湾
7号线
39.8926571255 116.4084979060
23 57 110 715
磁器口
5号线 7号线
39.8924819630 116.4200666702
43 525 39 25 23 208 41 723 106 685 625 116 715 204 57 684 610 614 60
广渠门内
7号线
39.8937229655 116.4343954853
23 8 715
广渠门外
7号线
39.8936546646 116.4492897882
23 637 57 715
双井
7号线 10号线
39.8935220707 116.4618425650
99 707 637 28 23 98 348 91 686 715 974 601 57
九龙山
7号线
39.8930997309 116.4788208469
688 973 677 988 915 478 605 30 513 38 985 486 665 23 348 715 541 621 35 983 11 382
大郊亭
7号线
39.8931507309 116.4881928469
31 513 23 348 11 865 657 740 541 35 439
百子湾
7号线
39.8928339672 116.4973627908
363 31 581 23 455 11 541 439
化工
7号线
39.8869691756 116.5036798722

南楼梓庄
7号线
39.8742227259 116.5009696985
637 31 535 41 348 561 34 457 657 30
欢乐谷景区
7号线
39.8666521212 116.4992476794
41 31 680 687 674
垡头
7号线
39.8607708990 116.5098938832

双合
7号线
39.8605580423 116.5264548988
637 457 348 561
焦化厂
7号线
39.8551740663 116.5383910133
638 457 637 677
朱辛庄
8号线 昌平线
40.1044215816 116.3135612258

育知路
8号线
40.0879527956 116.3272846972

平西府
8号线
40.0900014890 116.3506357021
428 443 996
回龙观东大街
8号线
40.0809926033 116.3628468496

霍营
8号线 13号线
40.0711426817 116.3601224531
462 607 681 371 478
育新
8号线
40.0604458850 116.3469954706

西小口
8号线
40.0469002249 116.3512015296

永泰庄
8号线
40.0378677729 116.3542448545
305 43 490 81 476
林萃桥
8号线
40.0218658927 116.3724284834

森林公园南门
8号线
40.0098553377 116.3926304774

奥林匹克公园
8号线 15号线
40.0014942712 116.3922993870

奥体中心
8号线
39.9860809164 116.3937803698

北土城
8号线 10号线
39.9768968655 116.3942547246
520 515 607 84 81 409 649 82 113 407 21 653 92 906 645 620 380
安华桥
8号线
39.9685235211 116.3942052953

安德里北街
8号线
39.9571325751 116.3944442404

鼓楼大街
2号线 8号线
39.9492515751 116.3940482404
409 27 625 80 206 909 380 60
什刹海
8号线
39.9378084555 116.3961678968
60 82 124 107 5
南锣鼓巷
6号线 8号线
39.9335071155 116.4033073116
3 13 612 118 60
郭公庄
9号线 房山线
39.8146819236 116.3020888349

丰台科技园
9号线
39.8252062749 116.2972179699

科怡路
9号线
39.8324180508 116.2973782636
694 740 687 604 340
丰台南路
9号线
39.8409507821 116.2964135869
351 692 627 691 845 353
丰台东大街
9号线
39.8551900187 116.2937693340
349 335 395 678 845 451 978 459 477 912
七里庄
9号线 14号线
39.8667620966 116.2940998064
658 973 480 458 969 699 839 896 604 531 451 687 998 840 477 654 77 323 830
六里桥
9号线 10号线
39.8803330092 116.3030989975
838 349 604 309 76 821 74 941 982 394 38 321 835 687 6 613 820 715 477 890 832 390 691 694 340 50 57 740
六里桥东
9号线
39.8868647977 116.3148863459
838 832 6 982 349 613 390 820 691 309 76 394 321 835 38 715 821 74 477 57 890
北京西站
7号线 9号线
39.8949160327 116.3212236124
349 663 309 741 387 122 65 695 941 52 843 40 616 982 374 301 820 109 845 373 53 890 410 67 9 694 388 414 673 662 840 50 661 21 89
军事博物馆
1号线 9号线
39.9075858863 116.3227048382
99 94 52 89 78 337 414 388 308 68 65 21 1
白堆子
9号线
39.9239541155 116.3257630421
603 61 37 612 92 56 121
白石桥南
6号线 9号线
39.9326330499 116.3254795408
693 717 86 114 392 27 701 61 332 92 653 482 645 118 695
国家图书馆
4号线 9号线
39.9431136290 116.3253026191
319 320 717 86 689 332 697 653 608 614 645 563 695
巴沟
10号线
39.9741357338 116.2940603123
304 394 361 630 307
苏州街
10号线
39.9756137680 116.3062617885
361 394 630 307 671 374 304
海淀黄庄
4号线 10号线
39.9759545252 116.3177810670
386 630 671 653 608 731 304 697 681 302 699 683 365 601 611 717 689 307 614 320 549 355 718 944 332 85
知春里
10号线
39.9763782241 116.3294423999
386 689 944 630 653 671 579 304 323 611
知春路
10号线 13号线
39.9763727927 116.3409731135
386 311 689 79 944 630 641 653 671 579 304 751
西土城
10号线
39.9762361070 116.3538722380
94 386 392 562 617 498 490 375 671 478 606 304 21 658
牡丹园
10号线
39.9762410552 116.3699529044
58 331 919 625 92 653 315 579 620 510 84 47 641 16 645 305 670 618 425 658 635 21 345 55
健德门
10号线
39.9765540039 116.3813779340
658 305 670 84 510 58 919 625 889 618 641 92 653 315 345 21 620 55
北土城
8号线 10号线
39.9768968655 116.3942547246
520 515 607 84 81 409 649 82 113 407 21 653 92 906 645 620 380
安贞门
10号线
39.9769806828 116.4059661159
515 409 124 758 90 426 104 108 380
惠新西街南口
5号线 10号线
39.9770362063 116.4176027916
515 101 125 464 201 430
芍药居
10号线 13号线
39.9776586557 116.4370216518
567 515 942 119 547
太阳宫
10号线
39.9726289286 116.4474607250
515 467 132 939 966 567 130 985
三元桥
10号线 机场线
39.9612277973 116.4569605408
918 852 867 536
亮马桥
10号线
39.9493482006 116.4621467545
688 418 671 536 420 955 405 701 672 909 601 984 985 503 413 499 707 421 419 718 516 402 416 675
农业展览馆
10号线
39.9413332117 116.4621845303
974 707 302 421 405 718 635 701 516 499 732 671 672 731 909 601 402 416 420 984 675
团结湖
10号线
39.9337249390 116.4617541047
431 671 122 420 405 701 758 627 686 115 984 350 117 113 974 406 707 421 718 635 801 650 673 402 416
呼家楼
6号线 10号线
39.9233237722 116.4616479868
707 421 405 503 627 113 440 750 650 75 671 126 420 601 402
金台夕照
10号线
39.9173023166 116.4616879461
707 405 619 488 98 113 9 686 671 974 601 402 433
国贸
1号线 10号线
39.9086576190 116.4609220689
99 58 28 938 502 808 98 609 4 91 998 806 107 405 666 683 686 312 804 601 1 619 668 488 503 348 669 113 647 729 667 648 707 421 886 814 9 11 801 805 57 402
双井
7号线 10号线
39.8935220707 116.4618425650
99 707 637 28 23 98 348 91 686 715 974 601 57
劲松
10号线
39.8843612862 116.4613881885
99 638 637 28 535 41 98 561 352 457 687 974 601 541 29 52
潘家园
10号线
39.8760648229 116.4611171084
638 28 34 368 674 974
十里河
10号线
39.8659062094 116.4591303572
28
分钟寺
10号线
39.8522296997 116.4537297346
352
成寿寺
10号线
39.8457222684 116.4477267960
665 25 626 685 990 680 654 213 985
宋家庄
5号线 10号线 亦庄线
39.8459678112 116.4284383991
684 511 39 17 990
石榴庄
10号线
39.8458615570 116.4137353169
820 69 525 829
大红门
10号线
39.8454484878 116.3985170264
926 622 997 613 324 954 573 686 826 526 504
角门东
10号线
39.8452407517 116.3860302784
343 70 511 501 613 957 14
角门西
4号线 10号线
39.8458028674 116.3711603888
51 474 707 48 501 529 603 556 698 54 377 66 485 646
草桥
10号线
39.8458107953 116.3526388608
529
纪家庙
10号线
39.8444445533 116.3328945214

首经贸
10号线
39.8445618999 116.3199982957

丰台站
10号线
39.8499396283 116.3044576340
67 351 49
泥洼
10号线
39.8585236283 116.3039546340
349 395 678 845 459 912
西局
10号线 14号线
39.8661457113 116.3033884611
658 973 480 458 969 839 896 483 958 604 531 687 978 998 840 323 830
六里桥
9号线 10号线
39.8803330092 116.3030989975
838 349 604 309 76 821 74 941 982 394 38 321 835 687 6 613 820 715 477 890 832 390 691 694 340 50 57 740
莲花桥
10号线
39.8981678933 116.3102577110
969 631 944 373 890 323 52
公主坟
1号线 10号线
39.9076025960 116.3101392186
300 370 99 94 378 431 32 631 604 624 76 308 74 77 52 40 324 699 335 394 968 64 368 33 374 68 1 23 613 728 617 337 373 977 323 658 427 436 437 483 944 698 451 57 213 89
西钓鱼台
10号线
39.9234298898 116.2977645949
27 92 653 632 87 40 335 701 368 33 967 645 481 693 613 603 121 97 698 414 612 56
慈寿寺
6号线 10号线
39.9330291129 116.2942561607
507 40 27 613 588 61 73 33 489 632 481
车道沟
10号线
39.9486525954 116.2938543055
40 114 347 27 334 613 588 437 689 469 714 482 632 481 87
长春桥
10号线
39.9586303622 116.2940325995
611 355 437 79 664 365 539 33 74 992 425 481
火器营
10号线
39.9661336255 116.2891709257
365 74 437 481 539
西直门
2号线 4号线 13号线
39.9406530119 116.3548549808
105 7 27 111 44 604 387 375 608 632 87 651 84 347 392 562 80 16 693 490 618 362 360 563 438 534 691 26 694 11 209 50 21 85
大钟寺
13号线
39.9663454440 116.3451844811
123 88 87 425
知春路
10号线 13号线
39.9763727927 116.3409731135
386 311 689 79 944 630 641 653 671 579 304 751
五道口
13号线
39.9928852933 116.3377745980

上地
13号线
40.0329456241 116.3202355612
448 449 447
西二旗
13号线 昌平线
40.0528409017 116.3061388598
570 717 509 963 392 333 636 996 664 521 504 447
龙泽
13号线
40.0708938242 116.3195704160

回龙观
13号线
40.0809926033 116.3628468496
557 121 878 887 880
霍营
8号线 13号线
40.0711426817 116.3601224531
462 607 681 371 478
立水桥
5号线 13号线
40.0419122529 116.4145653407
81 517 466 653 430 107 620 479 465 558 758 966 464 426 984 117 629 617 484 751 621 11 596
北苑
13号线
40.0305887842 116.4181069281
938 435 317 801 484 805 682 924 316 372
望京西
13号线 15号线
39.9954491091 116.4489674963
976 422 471 538 547 446 966 445 980 457 451 854 928 851 470 946 571
芍药居
10号线 13号线
39.9776586557 116.4370216518
567 515 942 119 547
光熙门
13号线
39.9685834471 116.4318160013
302 419 718 954 367 379 641 671 801 731 300
柳芳
13号线
39.9582191992 116.4327369940
130 123
东直门
2号线 13号线 机场线
39.9420084638 116.4349347801
688 404 106 955 107 966 909 123 117 866 18 413 131 24 401 3 916 635 850 612 935 130
张郭庄
14号线
39.8580333819 116.1869304740

园博园
14号线
29.6746529980 106.5637079720
830 565 944 391 574 897 55
大瓦窑
14号线
39.8592781478 116.2404066557
973 546 598 339
郭庄子
14号线
39.1389709519 117.2110179186

大井
14号线
39.8652105660 116.2754114044
458
七里庄
9号线 14号线
39.8667620966 116.2940998064
658 973 480 458 969 699 839 896 604 531 451 687 998 840 477 654 77 323 830
西局
10号线 14号线
39.8661457113 116.3033884611
658 973 480 458 969 839 896 483 958 604 531 687 978 998 840 323 830
金台路
6号线 14号线
39.9233168743 116.4783424717
976 117 973 31 486 502 726 419 635 440 988 612 306 729 75 126 682 984 30 985
朝阳公园
14号线
39.9444221963 116.4747546991

枣营
14号线
39.9444221963 116.4747546991

东风北桥
14号线
39.9585848430 116.4860752955

将台
14号线
39.9708574223 116.4897944613

高家园
14号线
39.9846084327 116.4819265509

望京南
14号线
39.9843874327 116.4817805509

阜通
14号线
39.9919004929 116.4707591889

望京
14号线 15号线
39.9954491091 116.4489674963
409 361 422 677 404 547 939 445 457 854 851 420 855 471 446 627 966 682 660 629 131 928 946 621 976 707 421 538 132 944 567 980 451 130 470 571 991
东湖渠
14号线
40.0105649520 116.4674221631

来广营
14号线
40.0204845076 116.4668876644

善各庄
14号线
40.0273304290 116.4781948900

俸伯
15号线
40.1325440993 116.6848284126
945
顺义
15号线
40.1298813423 116.6570242368
850 945 856 915
石门
15号线
40.1296323295 116.6408551664

南法信
15号线
40.1283378154 116.6099168643

后沙峪
15号线
40.1141211353 116.5641899363
918 936 923 916 942 980 915 934 987 970 955
花梨坎
15号线
40.0844225996 116.5576931616
933 918 923 955 915
国展
15号线
40.0700465821 116.5551964856
933 918 923 916 850 942 915 955
孙河
15号线
40.0450454880 116.5346508499
918 936 923 405 538 916 850 942 696 980 415 915 934 987 970
马泉营
15号线
40.0336019326 116.5032509018
988 944
崔各庄
15号线
40.0223393603 116.4926974385
415 944 991
望京东
15号线
40.0066100382 116.4914401450

望京
14号线 15号线
39.9954491091 116.4489674963
409 361 422 677 404 547 939 445 457 854 851 420 855 471 446 627 966 682 660 629 131 928 946 621 976 707 421 538 132 944 567 980 451 130 470 571 991
望京西
13号线 15号线
39.9954491091 116.4489674963
976 422 471 538 547 446 966 445 980 457 451 854 928 851 470 946 571
关庄
15号线
40.0007392968 116.4322041512
694 569 658
大屯路东
5号线 15号线
40.0038635660 116.4174514054
913 479 569 538 558 464 415 484 596 628 751 620 695
安立路
15号线
40.0026010131 116.4078714030
695 319 913 594 538 311 124 617 419 379 415 653 426 484 905 518 984 108 425 751
奥林匹克公园
8号线 15号线
40.0014942712 116.3922993870

北沙滩
15号线
40.0014042995 116.3690645004

六道口
15号线
40.0009246362 116.3526936995

清华东路西口
15号线
40.0006081903 116.3388775140

四惠
1号线 八通线
39.9087615108 116.4954963289
363 58 450 455 506 671 205 405 322 666 989 312 468 984 397 1 496 581 648 553 475 865 657 402 740 57 382 207
四惠东
1号线 八通线
39.9086275974 116.5159776226
553 450 581 666 475 506 312 468 382 397
高碑店
八通线
39.9095764286 116.5316040776
666 475 312 506 397
传媒大学
八通线
39.9093094555 116.5548560737
666 475 312 506 397
双桥
八通线
39.9102292035 116.5767230501
666 475 312 506 397
管庄
八通线
39.9089757085 116.5992435999
666 312
八里桥
八通线
39.9059502264 116.6187143088
666 668 669 615 312 667
通州北苑
八通线
39.9037566848 116.6368076620
938 435 317 801 805 316 924 372
果园
八通线
39.9261720655 116.1776780046
938 435 929 527 591 941 959 36 931 597 972 981 552 399 325 668 892 961 472 336 664 801 805 316 396 992 370
九棵树
八通线
39.8901670823 116.6574466186
976 668 810 938 801
梨园
八通线
39.8838002178 116.6686423322
589 938 647 801 802 805 587 806 810 372
临河里
八通线
39.8754727806 116.6788357704
938 801 802 806 924 810
土桥
八通线
39.8718627806 116.6863487704
807 938 801 802 805 806 924 810
南邵
昌平线
40.2070840791 116.2871054684
884 326 870
沙河高教园
昌平线
40.1646741272 116.2803750852
884
沙河
昌平线
40.1646741272 116.2803750852
884
巩华城
昌平线
40.1310656478 116.2939880842

朱辛庄
8号线 昌平线
40.1044215816 116.3135612258

生命科学园
昌平线
40.0946947192 116.2937546539

西二旗
13号线 昌平线
40.0528409017 116.3061388598
570 717 509 963 392 333 636 996 664 521 504 447
宋家庄
5号线 10号线 亦庄线
39.8459678112 116.4284383991
684 511 39 17 990
肖村
亦庄线
39.8342737828 116.4484217501
740
小红门
亦庄线
39.8283315281 116.4592199479
352 985
旧宫
亦庄线
39.8068870083 116.4608477627

亦庄桥
亦庄线
39.8029127439 116.4803585508
846 665 626 599
亦庄文化园
亦庄线
39.8067459452 116.4905786405

万源街
亦庄线
39.8030078390 116.5055486676

荣京东街
亦庄线
39.7932861738 116.5133820328

荣昌东街
亦庄线
39.7828712683 116.5216638109
665 324 3 453 580 2 652 578
同济南路
亦庄线
39.7730742191 116.5399079223
976 846 723 821
经海路
亦庄线
39.7837542132 116.5623270079
523
次渠南
亦庄线
39.7951393209 116.5813266292
637 820 986
次渠
亦庄线
39.7951393209 116.5813266292
637 820 986
亦庄火车站
亦庄线
39.8102873948 116.5994655787

郭公庄
9号线 房山线
39.8146819236 116.3020888349

大葆台
房山线
39.8078716478 116.2917372532
913 480 959 969 967 840 981
稻田
房山线
39.7948453718 116.2188262385
391
长阳
房山线
39.7637479087 116.2126369394

篱笆房
房山线
39.7608041277 116.1893814463

广阳城
房山线
39.7479438731 116.1849107943

良乡大学城北
房山线
39.7300405981 116.1833845980

良乡大学城
房山线
39.7300405981 116.1833845980

良乡大学城西
房山线
39.7232590906 116.1563082534

良乡南关
房山线
39.7232096212 116.1408487409
835 833 616
苏庄
房山线
39.7232626288 116.1253767837
833 993 917 971
东直门
2号线 13号线 机场线
39.9420084638 116.4349347801
688 404 106 955 107 966 909 123 117 866 18 413 131 24 401 3 916 635 850 612 935 130
三元桥
10号线 机场线
39.9612277973 116.4569605408
918 852 867 536
3号航站楼
机场线
40.0528357516 116.6155351466
7 6 5 3 9 2
2号航站楼
机场线
40.0793253199 116.5931082889
7 6 5 3 9 2
公益西桥
4号线 大兴线
39.8369298066 116.3708413480
707 474 48 511 825 556 698 54 377 66 646 990
新宫
大兴线
39.8123595139 116.3655709401
369 474 827 954 556 353
西红门
大兴线
39.7897699403 116.3285380583
474 631 483 377 646 454
高米店北
大兴线
39.7738687498 116.3306836806
377 631 456
高米店南
大兴线
39.7633743701 116.3317566806

枣园
大兴线
39.7533945536 116.3323142525
842 410 937 848 968 954 829 631 940 841 610
清源路
大兴线
39.7426714650 116.3323615206
410 631 968 954 456 829 940 841 610
黄村西大街
大兴线
39.7317009324 116.3324783451
410 631 957 968 947 456 829 954 940 840 610
黄村火车站
大兴线
39.7226475114 116.3328427298
369 827 366 957 410 456 829 947 954 968 631 840 610
义和庄
大兴线
39.7125396539 116.3189334625

生物医药基地
大兴线
39.6865543194 116.3217369953
827 842
天宫院
大兴线
39.6703689159 116.3198342938
827 842 829
